0.000000	6.935740	2.940316
0.005000	6.935990	2.940263
0.010000	6.937437	2.939956
0.015000	6.940083	2.939396
0.020000	6.943927	2.938582
0.025000	6.948972	2.937515
0.030000	6.955218	2.936196
0.035000	6.962667	2.934625
0.040000	6.971321	2.932803
0.045000	6.981183	2.930730
0.050000	6.992256	2.928409
0.055000	7.004542	2.925840
0.060000	7.018045	2.923024
0.065000	7.032769	2.919962
0.070000	7.048717	2.916657
0.075000	7.065894	2.913110
0.080000	7.084305	2.909322
0.085000	7.103955	2.905295
0.090000	7.124848	2.901032
0.095000	7.146991	2.896535
0.100000	7.170389	2.891805
0.105000	7.195048	2.886845
0.110000	7.220976	2.881658
0.115000	7.248178	2.876246
0.120000	7.276663	2.870611
0.125000	7.306436	2.864756
0.130000	7.337506	2.858684
0.135000	7.369882	2.852398
0.140000	7.403570	2.845901
0.145000	7.438579	2.839196
0.150000	7.474919	2.832286
0.155000	7.512599	2.825175
0.160000	7.551626	2.817865
0.165000	7.592012	2.810360
0.170000	7.633765	2.802664
0.175000	7.676897	2.794779
0.180000	7.721416	2.786711
0.185000	7.767334	2.778462
0.190000	7.814661	2.770035
0.195000	7.863408	2.761436
0.200000	7.913586	2.752667
0.205000	7.965206	2.743733
0.210000	8.018280	2.734638
0.215000	8.072819	2.725384
0.220000	8.128836	2.715978
0.225000	8.186342	2.706422
0.230000	8.245349	2.696720
0.235000	8.305869	2.686877
0.240000	8.367915	2.676898
0.245000	8.431499	2.666785
0.250000	8.496633	2.656544
0.255000	8.563331	2.646178
0.260000	8.631605	2.635692
0.265000	8.701467	2.625090
0.270000	8.772931	2.614376
0.275000	8.846009	2.603555
0.280000	8.920714	2.592630
0.285000	8.997058	2.581607
0.290000	9.075055	2.570489
0.295000	9.154716	2.559281
0.300000	9.236056	2.547987
0.305000	9.319085	2.536610
0.310000	9.403817	2.525157
0.315000	9.490264	2.513629
0.320000	9.578438	2.502033
0.325000	9.668351	2.490372
0.330000	9.760015	2.478650
0.335000	9.853441	2.466871
0.340000	9.948640	2.455040
0.345000	10.045624	2.443160
0.350000	10.144404	2.431236
0.355000	10.244989	2.419272
0.360000	10.347390	2.407271
0.365000	10.451617	2.395238
0.370000	10.557678	2.383176
0.375000	10.665583	2.371090
0.380000	10.775340	2.358983
0.385000	10.886957	2.346860
0.390000	11.000442	2.334723
0.395000	11.115800	2.322577
0.400000	11.233039	2.310424
0.405000	11.352163	2.298270
0.410000	11.473179	2.286117
0.415000	11.596089	2.273969
0.420000	11.720898	2.261830
0.425000	11.847607	2.249702
0.430000	11.976220	2.237590
0.435000	12.106737	2.225496
0.440000	12.239159	2.213424
0.445000	12.373483	2.201377
0.450000	12.509710	2.189358
0.455000	12.647835	2.177370
0.460000	12.787856	2.165417
0.465000	12.929767	2.153501
0.470000	13.073562	2.141625
0.475000	13.219235	2.129792
0.480000	13.366776	2.118005
0.485000	13.516177	2.106267
0.490000	13.667426	2.094580
0.495000	13.820511	2.082948
0.500000	13.975419	2.071371
0.505000	14.132134	2.059854
0.510000	14.290640	2.048399
0.515000	14.450920	2.037008
0.520000	14.612952	2.025683
0.525000	14.776717	2.014426
0.530000	14.942192	2.003241
0.535000	15.109352	1.992129
0.540000	15.278172	1.981092
0.545000	15.448622	1.970133
0.550000	15.620675	1.959253
0.555000	15.794298	1.948454
0.560000	15.969459	1.937739
0.565000	16.146121	1.927109
0.570000	16.324249	1.916566
0.575000	16.503803	1.906112
0.580000	16.684742	1.895748
0.585000	16.867024	1.885477
0.590000	17.050604	1.875299
0.595000	17.235434	1.865217
0.600000	17.421465	1.855231
0.605000	17.608647	1.845344
0.610000	17.796927	1.835557
0.615000	17.986248	1.825871
0.620000	18.176555	1.816288
0.625000	18.367786	1.806808
0.630000	18.559881	1.797433
0.635000	18.752775	1.788165
0.640000	18.946403	1.779004
0.645000	19.140696	1.769952
0.650000	19.335585	1.761010
0.655000	19.530997	1.752178
0.660000	19.726857	1.743458
0.665000	19.923089	1.734850
0.670000	20.119615	1.726357
0.675000	20.316353	1.717978
0.680000	20.513222	1.709714
0.685000	20.710135	1.701566
0.690000	20.907008	1.693536
0.695000	21.103751	1.685623
0.700000	21.300274	1.677829
0.705000	21.496484	1.670155
0.710000	21.692289	1.662600
0.715000	21.887592	1.655165
0.720000	22.082296	1.647852
0.725000	22.276302	1.640661
0.730000	22.469510	1.633592
0.735000	22.661819	1.626646
0.740000	22.853125	1.619823
0.745000	23.043323	1.613124
0.750000	23.232309	1.606550
0.755000	23.419977	1.600100
0.760000	23.606217	1.593776
0.765000	23.790923	1.587577
0.770000	23.973985	1.581504
0.775000	24.155293	1.575557
0.780000	24.334737	1.569738
0.785000	24.512206	1.564045
0.790000	24.687589	1.558479
0.795000	24.860775	1.553042
0.800000	25.031653	1.547732
0.805000	25.200111	1.542550
0.810000	25.366038	1.537496
0.815000	25.529325	1.532571
0.820000	25.689860	1.527775
0.825000	25.847534	1.523108
0.830000	26.002239	1.518571
0.835000	26.153866	1.514162
0.840000	26.302309	1.509884
0.845000	26.447461	1.505734
0.850000	26.589220	1.501715
0.855000	26.727481	1.497826
0.860000	26.862145	1.494067
0.865000	26.993110	1.490438
0.870000	27.120281	1.486940
0.875000	27.243560	1.483571
0.880000	27.362856	1.480334
0.885000	27.478077	1.477227
0.890000	27.589135	1.474251
0.895000	27.695944	1.471405
0.900000	27.798421	1.468691
0.905000	27.896486	1.466107
0.910000	27.990061	1.463654
0.915000	28.079073	1.461332
0.920000	28.163450	1.459142
0.925000	28.243125	1.457082
0.930000	28.318035	1.455154
0.935000	28.388119	1.453356
0.940000	28.453319	1.451690
0.945000	28.513583	1.450155
0.950000	28.568862	1.448752
0.955000	28.619111	1.447479
0.960000	28.664288	1.446338
0.965000	28.704357	1.445328
0.970000	28.739283	1.444450
0.975000	28.769039	1.443703
0.980000	28.793600	1.443087
0.985000	28.812945	1.442602
0.990000	28.827059	1.442249
0.995000	28.835931	1.442027
1.000000	28.839551	1.441937
1.005000	28.837919	1.441977
1.010000	28.831036	1.442149
1.015000	28.818906	1.442453
1.020000	28.801541	1.442888
1.025000	28.778956	1.443454
1.030000	28.751169	1.444151
1.035000	28.718203	1.444980
1.040000	28.680086	1.445940
1.045000	28.636850	1.447031
1.050000	28.588530	1.448253
1.055000	28.535167	1.449607
1.060000	28.476805	1.451091
1.065000	28.413491	1.452707
1.070000	28.345277	1.454454
1.075000	28.272219	1.456332
1.080000	28.194376	1.458341
1.085000	28.111811	1.460481
1.090000	28.024591	1.462752
1.095000	27.932785	1.465154
1.100000	27.836466	1.467687
1.105000	27.735710	1.470350
1.110000	27.630597	1.473144
1.115000	27.521209	1.476069
1.120000	27.407630	1.479124
1.125000	27.289949	1.482310
1.130000	27.168254	1.485626
1.135000	27.042640	1.489073
1.140000	26.913200	1.492649
1.145000	26.780031	1.496356
1.150000	26.643232	1.500192
1.155000	26.502904	1.504159
1.160000	26.359148	1.508255
1.165000	26.212068	1.512480
1.170000	26.061770	1.516835
1.175000	25.908359	1.521320
1.180000	25.751944	1.525933
1.185000	25.592633	1.530675
1.190000	25.430534	1.535545
1.195000	25.265757	1.540544
1.200000	25.098414	1.545672
1.205000	24.928614	1.550927
1.210000	24.756469	1.556310
1.215000	24.582089	1.561820
1.220000	24.405586	1.567457
1.225000	24.227071	1.573222
1.230000	24.046655	1.579112
1.235000	23.864446	1.585129
1.240000	23.680557	1.591272
1.245000	23.495095	1.597540
1.250000	23.308168	1.603933
1.255000	23.119886	1.610451
1.260000	22.930354	1.617093
1.265000	22.739677	1.623859
1.270000	22.547961	1.630748
1.275000	22.355309	1.637759
1.280000	22.161822	1.644893
1.285000	21.967601	1.652149
1.290000	21.772745	1.659525
1.295000	21.577352	1.667022
1.300000	21.381518	1.674639
1.305000	21.185338	1.682375
1.310000	20.988902	1.690229
1.315000	20.792303	1.698201
1.320000	20.595629	1.706290
1.325000	20.398968	1.714495
1.330000	20.202404	1.722816
1.335000	20.006020	1.731251
1.340000	19.809899	1.739800
1.345000	19.614118	1.748461
1.350000	19.418755	1.757234
1.355000	19.223885	1.766118
1.360000	19.029581	1.775112
1.365000	18.835914	1.784214
1.370000	18.642951	1.793424
1.375000	18.450761	1.802741
1.380000	18.259407	1.812162
1.385000	18.068952	1.821688
1.390000	17.879455	1.831316
1.395000	17.690975	1.841045
1.400000	17.503567	1.850875
1.405000	17.317286	1.860803
1.410000	17.132183	1.870829
1.415000	16.948308	1.880950
1.420000	16.765708	1.891165
1.425000	16.584429	1.901473
1.430000	16.404514	1.911872
1.435000	16.226005	1.922359
1.440000	16.048941	1.932935
1.445000	15.873360	1.943596
1.450000	15.699298	1.954341
1.455000	15.526788	1.965168
1.460000	15.355863	1.976074
1.465000	15.186552	1.987059
1.470000	15.018884	1.998120
1.475000	14.852886	2.009255
1.480000	14.688583	2.020461
1.485000	14.525997	2.031737
1.490000	14.365151	2.043080
1.495000	14.206065	2.054487
1.500000	14.048756	2.065958
1.505000	13.893243	2.077488
1.510000	13.739540	2.089076
1.515000	13.587662	2.100719
1.520000	13.437622	2.112415
1.525000	13.289431	2.124160
1.530000	13.143098	2.135952
1.535000	12.998634	2.147789
1.540000	12.856044	2.159667
1.545000	12.715337	2.171583
1.550000	12.576517	2.183535
1.555000	12.439589	2.195520
1.560000	12.304555	2.207534
1.565000	12.171417	2.219575
1.570000	12.040178	2.231639
1.575000	11.910837	2.243723
1.580000	11.783393	2.255824
1.585000	11.657845	2.267938
1.590000	11.534191	2.280063
1.595000	11.412427	2.292194
1.600000	11.292550	2.304328
1.605000	11.174555	2.316463
1.610000	11.058437	2.328593
1.615000	10.944189	2.340715
1.620000	10.831806	2.352827
1.625000	10.721280	2.364923
1.630000	10.612604	2.377001
1.635000	10.505770	2.389057
1.640000	10.400768	2.401086
1.645000	10.297591	2.413085
1.650000	10.196228	2.425050
1.655000	10.096669	2.436976
1.660000	9.998906	2.448861
1.665000	9.902926	2.460700
1.670000	9.808719	2.472488
1.675000	9.716274	2.484223
1.680000	9.625579	2.495899
1.685000	9.536624	2.507512
1.690000	9.449396	2.519059
1.695000	9.363883	2.530535
1.700000	9.280073	2.541936
1.705000	9.197954	2.553258
1.710000	9.117514	2.564497
1.715000	9.038739	2.575648
1.720000	8.961618	2.586707
1.725000	8.886138	2.597669
1.730000	8.812285	2.608532
1.735000	8.740048	2.619289
1.740000	8.669414	2.629938
1.745000	8.600370	2.640474
1.750000	8.532904	2.650892
1.755000	8.467002	2.661188
1.760000	8.402652	2.671359
1.765000	8.339843	2.681399
1.770000	8.278561	2.691305
1.775000	8.218794	2.701073
1.780000	8.160530	2.710698
1.785000	8.103757	2.720177
1.790000	8.048464	2.729505
1.795000	7.994637	2.738678
1.800000	7.942266	2.747693
1.805000	7.891340	2.756545
1.810000	7.841847	2.765230
1.815000	7.793775	2.773744
1.820000	7.747115	2.782085
1.825000	7.701855	2.790247
1.830000	7.657986	2.798228
1.835000	7.615495	2.806024
1.840000	7.574375	2.813630
1.845000	7.534615	2.821044
1.850000	7.496205	2.828262
1.855000	7.459136	2.835281
1.860000	7.423399	2.842098
1.865000	7.388985	2.848708
1.870000	7.355887	2.855110
1.875000	7.324094	2.861300
1.880000	7.293601	2.867275
1.885000	7.264398	2.873033
1.890000	7.236478	2.878570
1.895000	7.209835	2.883884
1.900000	7.184462	2.888972
1.905000	7.160351	2.893832
1.910000	7.137497	2.898461
1.915000	7.115893	2.902857
1.920000	7.095535	2.907019
1.925000	7.076417	2.910943
1.930000	7.058533	2.914628
1.935000	7.041879	2.918073
1.940000	7.026451	2.921275
1.945000	7.012244	2.924232
1.950000	6.999255	2.926944
1.955000	6.987480	2.929410
1.960000	6.976917	2.931626
1.965000	6.967562	2.933594
1.970000	6.959412	2.935311
1.975000	6.952467	2.936777
1.980000	6.946723	2.937991
1.985000	6.942179	2.938952
1.990000	6.938835	2.939660
1.995000	6.936689	2.940115
