0.000000	1.774528	10.388712
0.005000	1.775031	10.387240
0.010000	1.777104	10.381179
0.015000	1.780751	10.370543
0.020000	1.785978	10.355357
0.025000	1.792792	10.335659
0.030000	1.801203	10.311497
0.035000	1.811226	10.282928
0.040000	1.822874	10.250021
0.045000	1.836165	10.212855
0.050000	1.851120	10.171517
0.055000	1.867761	10.126104
0.060000	1.886114	10.076719
0.065000	1.906205	10.023475
0.070000	1.928065	9.966491
0.075000	1.951727	9.905892
0.080000	1.977226	9.841809
0.085000	2.004602	9.774376
0.090000	2.033894	9.703734
0.095000	2.065148	9.630026
0.100000	2.098411	9.553397
0.105000	2.133732	9.473996
0.110000	2.171164	9.391972
0.115000	2.210764	9.307476
0.120000	2.252591	9.220657
0.125000	2.296709	9.131668
0.130000	2.343184	9.040656
0.135000	2.392085	8.947770
0.140000	2.443486	8.853157
0.145000	2.497465	8.756961
0.150000	2.554102	8.659323
0.155000	2.613484	8.560383
0.160000	2.675698	8.460276
0.165000	2.740839	8.359134
0.170000	2.809005	8.257086
0.175000	2.880298	8.154256
0.180000	2.954826	8.050765
0.185000	3.032699	7.946729
0.190000	3.114036	7.842261
0.195000	3.198958	7.737467
0.200000	3.287592	7.632453
0.205000	3.380072	7.527315
0.210000	3.476537	7.422149
0.215000	3.577130	7.317045
0.220000	3.682003	7.212088
0.225000	3.791312	7.107360
0.230000	3.905221	7.002938
0.235000	4.023899	6.898895
0.240000	4.147525	6.795299
0.245000	4.276282	6.692215
0.250000	4.410363	6.589704
0.255000	4.549966	6.487824
0.260000	4.695299	6.386626
0.265000	4.846577	6.286161
0.270000	5.004026	6.186476
0.275000	5.167877	6.087612
0.280000	5.338373	5.989611
0.285000	5.515765	5.892508
0.290000	5.700314	5.796338
0.295000	5.892291	5.701131
0.300000	6.091977	5.606915
0.305000	6.299665	5.513716
0.310000	6.515657	5.421556
0.315000	6.740267	5.330458
0.320000	6.973821	5.240439
0.325000	7.216658	5.151516
0.330000	7.469126	5.063703
0.335000	7.731590	4.977012
0.340000	8.004425	4.891455
0.345000	8.288020	4.807039
0.350000	8.582780	4.723774
0.355000	8.889121	4.641664
0.360000	9.207476	4.560713
0.365000	9.538292	4.480926
0.370000	9.882032	4.402303
0.375000	10.239174	4.324846
0.380000	10.610213	4.248553
0.385000	10.995659	4.173423
0.390000	11.396041	4.099455
0.395000	11.811903	4.026643
0.400000	12.243810	3.954985
0.405000	12.692342	3.884474
0.410000	13.158097	3.815105
0.415000	13.641695	3.746872
0.420000	14.143772	3.679768
0.425000	14.664985	3.613785
0.430000	15.206009	3.548914
0.435000	15.767540	3.485147
0.440000	16.350295	3.422475
0.445000	16.955008	3.360888
0.450000	17.582438	3.300377
0.455000	18.233361	3.240930
0.460000	18.908575	3.182539
0.465000	19.608899	3.125190
0.470000	20.335172	3.068875
0.475000	21.088254	3.013580
0.480000	21.869027	2.959296
0.485000	22.678392	2.906009
0.490000	23.517269	2.853709
0.495000	24.386602	2.802383
0.500000	25.287350	2.752019
0.505000	26.220494	2.702605
0.510000	27.187033	2.654130
0.515000	28.187983	2.606580
0.520000	29.224378	2.559944
0.525000	30.297269	2.514209
0.530000	31.407720	2.469363
0.535000	32.556812	2.425393
0.540000	33.745636	2.382288
0.545000	34.975299	2.340035
0.550000	36.246913	2.298622
0.555000	37.561602	2.258037
0.560000	38.920495	2.218267
0.565000	40.324726	2.179302
0.570000	41.775432	2.141128
0.575000	43.273749	2.103734
0.580000	44.820811	2.067108
0.585000	46.417747	2.031239
0.590000	48.065677	1.996115
0.595000	49.765709	1.961724
0.600000	51.518938	1.928056
0.605000	53.326439	1.895099
0.610000	55.189265	1.862841
0.615000	57.108441	1.831272
0.620000	59.084964	1.800382
0.625000	61.119794	1.770158
0.630000	63.213848	1.740592
0.635000	65.368003	1.711672
0.640000	67.583079	1.683387
0.645000	69.859845	1.655729
0.650000	72.199004	1.628686
0.655000	74.601191	1.602250
0.660000	77.066970	1.576409
0.665000	79.596818	1.551155
0.670000	82.191130	1.526478
0.675000	84.850201	1.502369
0.680000	87.574229	1.478819
0.685000	90.363298	1.455818
0.690000	93.217380	1.433358
0.695000	96.136319	1.411430
0.700000	99.119832	1.390026
0.705000	102.167492	1.369136
0.710000	105.278730	1.348754
0.715000	108.452818	1.328871
0.720000	111.688872	1.309478
0.725000	114.985832	1.290568
0.730000	118.342467	1.272134
0.735000	121.757361	1.254167
0.740000	125.228906	1.236661
0.745000	128.755299	1.219609
0.750000	132.334533	1.203002
0.755000	135.964395	1.186835
0.760000	139.642455	1.171101
0.765000	143.366067	1.155793
0.770000	147.132362	1.140904
0.775000	150.938246	1.126428
0.780000	154.780398	1.112359
0.785000	158.655264	1.098692
0.790000	162.559065	1.085419
0.795000	166.487787	1.072536
0.800000	170.437190	1.060037
0.805000	174.402807	1.047916
0.810000	178.379947	1.036168
0.815000	182.363701	1.024788
0.820000	186.348948	1.013770
0.825000	190.330361	1.003111
0.830000	194.302416	0.992805
0.835000	198.259403	0.982848
0.840000	202.195434	0.973234
0.845000	206.104460	0.963961
0.850000	209.980281	0.955023
0.855000	213.816563	0.946417
0.860000	217.606854	0.938138
0.865000	221.344602	0.930183
0.870000	225.023173	0.922549
0.875000	228.635875	0.915231
0.880000	232.175974	0.908227
0.885000	235.636720	0.901533
0.890000	239.011369	0.895146
0.895000	242.293205	0.889063
0.900000	245.475571	0.883281
0.905000	248.551885	0.877798
0.910000	251.515675	0.872611
0.915000	254.360598	0.867717
0.920000	257.080470	0.863115
0.925000	259.669289	0.858801
0.930000	262.121263	0.854775
0.935000	264.430835	0.851034
0.940000	266.592708	0.847577
0.945000	268.601865	0.844401
0.950000	270.453600	0.841505
0.955000	272.143530	0.838888
0.960000	273.667625	0.836549
0.965000	275.022221	0.834486
0.970000	276.204039	0.832699
0.975000	277.210204	0.831186
0.980000	278.038255	0.829948
0.985000	278.686159	0.828983
0.990000	279.152320	0.828290
0.995000	279.435590	0.827870
1.000000	279.535271	0.827723
1.005000	279.451121	0.827847
1.010000	279.183351	0.828244
1.015000	278.732632	0.828913
1.020000	278.100084	0.829856
1.025000	277.287273	0.831071
1.030000	276.296203	0.832560
1.035000	275.129309	0.834324
1.040000	273.789440	0.836363
1.045000	272.279847	0.838678
1.050000	270.604170	0.841271
1.055000	268.766415	0.844142
1.060000	266.770940	0.847293
1.065000	264.622431	0.850726
1.070000	262.325883	0.854442
1.075000	259.886573	0.858442
1.080000	257.310042	0.862730
1.085000	254.602063	0.867306
1.090000	251.768622	0.872172
1.095000	248.815891	0.877332
1.100000	245.750198	0.882787
1.105000	242.578006	0.888541
1.110000	239.305885	0.894595
1.115000	235.940486	0.900952
1.120000	232.488517	0.907616
1.125000	228.956716	0.914590
1.130000	225.351830	0.921876
1.135000	221.680589	0.929478
1.140000	217.949686	0.937400
1.145000	214.165754	0.945645
1.150000	210.335345	0.954217
1.155000	206.464916	0.963119
1.160000	202.560803	0.972356
1.165000	198.629210	0.981932
1.170000	194.676195	0.991852
1.175000	190.707651	1.002118
1.180000	186.729296	1.012737
1.185000	182.746662	1.023713
1.190000	178.765087	1.035051
1.195000	174.789701	1.046755
1.200000	170.825424	1.058831
1.205000	166.876959	1.071285
1.210000	162.948784	1.084120
1.215000	159.045153	1.097344
1.220000	155.170091	1.110962
1.225000	151.327392	1.124979
1.230000	147.520622	1.139401
1.235000	143.753116	1.154236
1.240000	140.027982	1.169488
1.245000	136.348104	1.185164
1.250000	132.716141	1.201272
1.255000	129.134536	1.217817
1.260000	125.605518	1.234806
1.265000	122.131107	1.252247
1.270000	118.713120	1.270146
1.275000	115.353178	1.288512
1.280000	112.052710	1.307350
1.285000	108.812964	1.326670
1.290000	105.635007	1.346478
1.295000	102.519741	1.366782
1.300000	99.467904	1.387591
1.305000	96.480078	1.408913
1.310000	93.556700	1.430756
1.315000	90.698067	1.453129
1.320000	87.904344	1.476039
1.325000	85.175572	1.499497
1.330000	82.511675	1.523510
1.335000	79.912467	1.548089
1.340000	77.377660	1.573241
1.345000	74.906871	1.598977
1.350000	72.499630	1.625306
1.355000	70.155383	1.652238
1.360000	67.873502	1.679782
1.365000	65.653291	1.707949
1.370000	63.493991	1.736748
1.375000	61.394784	1.766190
1.380000	59.354805	1.796285
1.385000	57.373140	1.827043
1.390000	55.448835	1.858476
1.395000	53.580899	1.890593
1.400000	51.768313	1.923406
1.405000	50.010027	1.956927
1.410000	48.304971	1.991165
1.415000	46.652056	2.026132
1.420000	45.050175	2.061839
1.425000	43.498214	2.098299
1.430000	41.995045	2.135522
1.435000	40.539539	2.173520
1.440000	39.130562	2.212305
1.445000	37.766979	2.251889
1.450000	36.447660	2.292283
1.455000	35.171476	2.333500
1.460000	33.937306	2.375551
1.465000	32.744039	2.418449
1.470000	31.590570	2.462206
1.475000	30.475809	2.506833
1.480000	29.398676	2.552344
1.485000	28.358108	2.598750
1.490000	27.353055	2.646063
1.495000	26.382483	2.694296
1.500000	25.445377	2.743460
1.505000	24.540738	2.793568
1.510000	23.667585	2.844632
1.515000	22.824960	2.896664
1.520000	22.011918	2.949675
1.525000	21.227540	3.003677
1.530000	20.470922	3.058682
1.535000	19.741186	3.114702
1.540000	19.037468	3.171747
1.545000	18.358931	3.229828
1.550000	17.704753	3.288957
1.555000	17.074138	3.349143
1.560000	16.466307	3.410397
1.565000	15.880502	3.472730
1.570000	15.315987	3.536149
1.575000	14.772046	3.600665
1.580000	14.247980	3.666287
1.585000	13.743115	3.733022
1.590000	13.256791	3.800877
1.595000	12.788372	3.869862
1.600000	12.337239	3.939981
1.605000	11.902791	4.011240
1.610000	11.484446	4.083646
1.615000	11.081640	4.157201
1.620000	10.693827	4.231911
1.625000	10.320477	4.307777
1.630000	9.961080	4.384801
1.635000	9.615138	4.462984
1.640000	9.282174	4.542325
1.645000	8.961722	4.622824
1.650000	8.653335	4.704477
1.655000	8.356579	4.787280
1.660000	8.071036	4.871228
1.665000	7.796302	4.956313
1.670000	7.531985	5.042528
1.675000	7.277709	5.129863
1.680000	7.033110	5.218304
1.685000	6.797836	5.307839
1.690000	6.571549	5.398452
1.695000	6.353921	5.490124
1.700000	6.144638	5.582837
1.705000	5.943396	5.676567
1.710000	5.749901	5.771290
1.715000	5.563872	5.866979
1.720000	5.385036	5.963604
1.725000	5.213132	6.061132
1.730000	5.047907	6.159528
1.735000	4.889118	6.258753
1.740000	4.736532	6.358766
1.745000	4.589924	6.459522
1.750000	4.449076	6.560972
1.755000	4.313781	6.663065
1.760000	4.183839	6.765745
1.765000	4.059056	6.868953
1.770000	3.939248	6.972627
1.775000	3.824236	7.076699
1.780000	3.713851	7.181098
1.785000	3.607926	7.285750
1.790000	3.506306	7.390575
1.795000	3.408837	7.495489
1.800000	3.315376	7.600404
1.805000	3.225783	7.705229
1.810000	3.139923	7.809865
1.815000	3.057670	7.914214
1.820000	2.978900	8.018168
1.825000	2.903495	8.121618
1.830000	2.831343	8.224450
1.835000	2.762336	8.326546
1.840000	2.696371	8.427782
1.845000	2.633349	8.528033
1.850000	2.573176	8.627169
1.855000	2.515763	8.725056
1.860000	2.461023	8.821557
1.865000	2.408875	8.916532
1.870000	2.359240	9.009838
1.875000	2.312046	9.101330
1.880000	2.267220	9.190862
1.885000	2.224697	9.278285
1.890000	2.184412	9.363449
1.895000	2.146306	9.446204
1.900000	2.110321	9.526400
1.905000	2.076405	9.603888
1.910000	2.044506	9.678519
1.915000	2.014577	9.750147
1.920000	1.986573	9.818628
1.925000	1.960453	9.883821
1.930000	1.936177	9.945589
1.935000	1.913711	10.003799
1.940000	1.893019	10.058323
1.945000	1.874072	10.109041
1.950000	1.856841	10.155838
1.955000	1.841301	10.198604
1.960000	1.827428	10.237242
1.965000	1.815202	10.271658
1.970000	1.804606	10.301771
1.975000	1.795623	10.327508
1.980000	1.788240	10.348805
1.985000	1.782446	10.365610
1.990000	1.778233	10.377882
1.995000	1.775595	10.385589
